((("color" .
   [0 0 0 0 1])
  ("colorlist" .
   [1 0 0 1 0 0 0 0 1])
  ("cmap" .
   [1 0 0 0])
  ("shape" .
   [1 0 0 0 0])
  ("X_pca" .
   [3 0 0 0 0])
  ("target_names" .
   [1 0 0 0 0 0 2 0 0 0 0 0])
  ("target" .
   [1 0 0 0 0 0])
  ("load_digits" .
   [0 0 0 0 0 1 0 0 0 0 0])
  ("n_components_" .
   [0 0 1 0 0 0 0 0 0 0 0 0 0])
  ("show" .
   [2 0 0 0])
  ("digits" .
   [10 0 0 0 0 0])
  ("datasets" .
   [1 0 0 0 2 0 0 0])
  ("sklearn" .
   [0 0 1 0 1 0 0])
  ("slice" .
   [0 0 1 0 0])
  ("u02" .
   [1 0 0])
  ("u20" .
   [1 0 0])
  ("u11" .
   [1 0 0])
  ("y_bar" .
   [1 0 0 0 0])
  ("x_bar" .
   [1 0 0 0 0])
  ("adMatrix" .
   [0 0 2 1 0 1 0 0])
  ("main" .
   [1 0 0 0])
  ("isJewel" .
   [0 0 1 0 0 0 0])
  ("start" .
   [2 0 0 0 1])
  ("nodeNum" .
   [2 0 0 0 3 0 2])
  ("treeGraph" .
   [0 0 0 0 0 1 0 0 0])
  ("tenderSignal" .
   [0 0 0 0 0 0 0 0 0 0 0 1])
  ("t" .
   [3])
  ("float" .
   [1 0 0 0 0])
  ("at" .
   [1 0])
  ("BUF_LEN" .
   [1 0 0 0 0 0 0])
  ("itemLog" .
   [4 0 0 0 0 1 2])
  ("stringstream" .
   [1 0 0 0 0 0 0 0 0 0 0 0])
  ("str" .
   [8 0 0])
  ("myEval" .
   [2 0 0 1 0 2])
  ("iNum" .
   [1 0 0 0])
  ("今日の日付をファイルに書き込む" .
   [2 0 0 0 0 0 0 0 0 0 0 0 0 0 0])
  ("index" .
   [2 0 0 0 0])
  ("strlen" .
   [3 0 0 0 0 0])
  ("fin" .
   [1 0 0])
  ("myID" .
   [9 0 0 1])
  ("itemNum" .
   [27 0 0 0 0 1 9])
  ("clientNum" .
   [3 0 0 1 0 0 1 0 0])
  ("dayNum" .
   [1 0 0 0 0 0])
  ("day" .
   [2 0 0])
  ("ss" .
   [3 0])
  ("Kanmusu" .
   [2 0 0 0 0 0 0])
  ("public" .
   [6 0 0 0 0 0])
  ("Equip" .
   [2 0 0 0 0])
  ("speed" .
   [1 0 0 0 0])
  ("enum" .
   [2 0 0 0])
  ("private" .
   [4 0 0 0 0 0 1])
  ("using" .
   [4 0 0 0 0])
  ("size" .
   [2 0 0 0])
  ("math" .
   [1 0 0 0])
  ("import" .
   [12 0 0 1 0 1])
  ("sqrt" .
   [3 0 0 0])
  ("flg" .
   [7 0 0])
  ("partNum" .
   [7 0 0 0 1 0 1])
  ("classList" .
   [1 0 0 0 0 0 0 0 1])
  ("evalClass" .
   [1 0 0 0 0 0 0 0 0])
  ("learnData" .
   [3 0 0 0 0 0 1 3 0])
  ("learnClass" .
   [6 0 0 0 1 0 0 0 0 0])
  ("l" .
   [8])
  ("hyouji" .
   [5 0 0 0 0 0])
  ("evalSize" .
   [9 0 0 0 0 0 0 0])
  ("learnSize" .
   [3 0 0 0 1 0 0 1 2])
  ("kekka" .
   [2 0 0 0 0])
  ("correctNum" .
   [2 0 0 0 0 1 0 0 0 0])
  ("mNum" .
   [1 0 0 0])
  ("scaling" .
   [0 0 1 2 0 0 0])
  ("A" .
   [1])
  ("doubl" .
   [0 0 0 0 1])
  ("eval" .
   [7 0 0 0])
  ("10" .
   [17 0])
  ("dList" .
   [1 0 0 0 0])
  ("1" .
   [10])
  ("k" .
   [2])
  ("output" .
   [4 0 1 2 0 0])
  ("elem" .
   [8 0 0 0])
  ("type" .
   [2 1 0 0])
  ("include" .
   [5 0 0 0 0 0 0])
  ("h" .
   [1])
  ("10000" .
   [1 0 0 0 0])
  ("abs" .
   [2 0 0])
  ("namespace" .
   [0 0 1 1 3 0 0 0 0])
  ("100" .
   [10 0 0])
  ("return" .
   [24 0 0 0 0 0])
  ("val" .
   [27 0 0])
  ("r" .
   [1])
  ("result" .
   [0 0 0 1 0 0])
  ("m" .
   [6])
  ("a" .
   [4])
  ("exp" .
   [3 0 0])
  ("sigma" .
   [3 0 0 0 0])
  ("ty" .
   [1 0])
  ("margin" .
   [5 0 0 0 0 0])
  ("alpha" .
   [8 0 0 0 0])
  ("true" .
   [14 0 0 0])
  ("while" .
   [6 0 0 0 0])
  ("nanka" .
   [1 0 0 1 0])
  ("svm" .
   [14 0 0])
  ("pNum" .
   [9 0 1 0])
  ("u" .
   [4])
  ("void" .
   [9 0 0 0])
  ("0e" .
   [2 0])
  ("typeKernel" .
   [2 0 0 1 1 1 1 1 0 6])
  ("delta" .
   [7 0 0 0 1])
  ("0" .
   [4])
  ("break" .
   [6 0 0 0 0])
  ("cin" .
   [4 0 0])
  ("getKernel" .
   [2 0 0 0 2 0 0 0 5])
  ("pow" .
   [10 0 0])
  ("ヘッダ" .
   [1 0 0])
  ("fout" .
   [3 0 1 0])
  ("50" .
   [3 0])
  ("string" .
   [8 0 0 0 0 0])
  ("data" .
   [11 0 0 0])
  ("const" .
   [7 0 0 0 0])
  ("flush" .
   [16 0 0 0 0])
  ("p" .
   [10])
  ("pDim" .
   [14 0 0 0])
  ("pSize" .
   [6 0 0 0 0])
  ("g" .
   [2])
  ("Array2D" .
   [2 0 0 0 0 2 2])
  ("setSize" .
   [3 0 0 1 0 0 0])
  ("theta" .
   [9 0 0 0 0])
  ("初期化" .
   [2 0 0])
  ("w" .
   [3])
  ("delete" .
   [4 0 0 0 0 0])
  ("dataDim" .
   [30 0 0 0 0 1 0])
  ("dim" .
   [4 0 0])
  ("weight" .
   [12 0 0 0 0 0])
  ("e" .
   [16])
  ("s" .
   [9])
  ("1000" .
   [1 0 0 0])
  ("new" .
   [7 0 0])
  ("CI" .
   [1 0])
  ("else" .
   [33 0 0 0])
  ("if" .
   [66 0])
  ("dataSize" .
   [26 0 0 1 1 1 0 1])
  ("L" .
   [1])
  ("c" .
   [10])
  ("buf" .
   [80 0 0])
  ("pList" .
   [26 0 1 0 0])
  ("b" .
   [7])
  ("cList" .
   [13 0 0 0 0])
  ("int" .
   [167 0 0])
  ("vector" .
   [1 0 0 0 0 0])
  ("dataList" .
   [3 0 0 0 0 1 0 0])
  ("i" .
   [60])
  ("for" .
   [35 0 0])
  ("I" .
   [3])
  ("solve_quadprog" .
   [0 0 0 0 0 0 0 0 0 0 0 0 0 1])
  ("v" .
   [7])
  ("d" .
   [43])
  ("double" .
   [51 0 0 0 0 0])
  ("INT_MAX" .
   [1 0 0 0 0 0 0])
  ("print" .
   [5 0 0 0 1])
  ("getB" .
   [1 0 0 0])
  ("GLUT_RGBA" .
   [1 0 0 0 0 0 0 0 0])
  ("posLight" .
   [0 0 0 1 0 0 0 0])
  ("auto-complete" .
   [1 0 0 0 0 0 0 0 0 0 0 0 0])
  ("cout" .
   [114 0 0 0])
  ("mapName" .
   [0 0 0 0 1 0 0])
  ("endl" .
   [119 0 0 0])
  ("argc" .
   [3 0 0 0])
  ("argv" .
   [1 0 0 0])
  ("//bin/" .
   [0 0 1 0 0 0])
  ("calcColor" .
   [1 0 0 2 3 0 0 0 0])
  ("def" .
   [6 0 0])
  ("Osikko" .
   [4 0 0 0 0 1])
  ("jobobo" .
   [1 0 0 0 0 0])
  ("jobaba" .
   [1 0 0 0 0 0])
  ("nyo" .
   [2 0 0])
  ("ohoho" .
   [1 0 0 0 0])
  ("ougonsui" .
   [4 0 0 0 1 0 0 0])
  ("self" .
   [8 0 0 0])
  ("drawingBuffer" .
   [1 0 0 0 0 0 0 0 0 0 0 0 0])
  ("draw" .
   [1 0 0 0])
  ("map" .
   [2 0 0])
  ("bufMap" .
   [1 0 0 0 0 0])
  ("class" .
   [11 0 0 0 0])
  ("writeData" .
   [1 0 0 0 0 0 0 0 0])
  ("fileName" .
   [5 0 0 0 0 0 0 0])
  ("set" .
   [2 0 0])
  ("setWeight" .
   [0 0 0 0 1 0 0 0 0])
  ("setTheta" .
   [1 0 0 1 0 0 0 0])
  ("degree" .
   [3 0 0 0 0 0])
  ("dataNum" .
   [1 0 0 0 0 0 0])
  ("bool" .
   [11 0 0 0])
  ("flagScale" .
   [1 0 0 1 0 1 0 0 0])
  ("false" .
   [15 0 0 0 0])
  ("evalNum" .
   [5 0 0 0 1 0 0])
  ("li" .
   [3 0])
  ("ei" .
   [1 0])
  ("512" .
   [1 0 0])
  ("20" .
   [1 0])
  ("end" .
   [2 0 0])
  ("SVM" .
   [4 0 0])
  ("static" .
   [2 0 0 0 0 0])
  ("alphaSize" .
   [2 0 0 0 0 0 0 0 0])
  ("num" .
   [6 0 0])
  ("一旦クリア" .
   [1 0 0 0 0])
  ("clear" .
   [1 0 0 0 0])
  ("isRightData" .
   [0 0 4 0 0 1 0 1 0 0 0])
  ("elemNum" .
   [2 0 0 0 0 0 0])
  ("client" .
   [2 0 0 0 0 1])
  ("出力ファイル" .
   [1 0 0 0 0 0])
  ("状態をクリア" .
   [1 0 0 0 0 0])
  ("gから始まる行をカウント" .
   [1 0 0 0 0 0 0 0 0 0 0 0])
  ("Agent" .
   [8 0 0 0 0])
  ("n" .
   [9])
  ("f" .
   [2])
  ("isAllOne" .
   [0 0 0 1 0 0 0 0])
  ("checkArea" .
   [1 0 0 0 0 0 0 0 0])
  ("std" .
   [4 0 0])
  ("classifier" .
   [1 0 0 0 0 0 0 0 0 0])
  ("areaOrigin" .
   [2 0 0 0 0 0 0 0 0 0])
  ("110" .
   [1 0 0])
  ("limit" .
   [4 0 0 0 0])
  ("itemEval" .
   [5 0 0 0 0 0 0 1])
  ("numer" .
   [2 0 0 0 0])
  ("denom" .
   [3 0 0 0 0])
  ("combination" .
   [0 0 0 0 0 1 0 0 0 0 0])
  ("flag" .
   [6 0 0 0])
  ("checkRange" .
   [1 0 0 0 0 0 0 0 0 0])
  ("sum" .
   [2 0 0])
  ("bidLog" .
   [1 0 0 2 0 0])
  ("pickUp" .
   [3 0 0 0 1 3])
  ("4" .
   [1])
  ("max" .
   [3 0 2])
  ("maxBid" .
   [5 0 0 0 0 6])
  ("DBL_MAX" .
   [0 0 0 1 0 0 0])
  ("utility" .
   [2 0 1 2 1 2 0])
  ("toBinary" .
   [1 0 0 1 1 0 2 4])
  ("tmpBid" .
   [4 0 0 1 1 3])
  ("maxUtil" .
   [3 0 0 0 1 0 2])
  ("util" .
   [1 0 0 0])
  ("tender" .
   [1 0 0 0 0 3])
  ("tenderNum" .
   [6 0 0 0 0 0 2 1 4])
  ("sprintf" .
   [1 0 0 0 0 0 0])
  ("typeStrategy" .
   [1 0 0 0 0 0 0 0 0 0 0 1])
  ("tmpUtil" .
   [1 0 0 1 0 0 1])
  ("pushFront" .
   [0 0 0 0 1 0 0 0 0])
  ("len" .
   [2 0 0])
  ("char" .
   [3 0 0 0])
  ("自分自身は除外" .
   [2 0 0 0 0 0 0])
  ("最高入札額" .
   [1 0 0 0 0])
  ("svmNum" .
   [1 0 0 0 0 0])
  ("isInRange" .
   [2 0 0 0 0 0 0 0 4])
  ("isFirstTime" .
   [0 0 0 1 0 0 0 0 0 0 1])
  ("効能が最大となる入札" .
   [1 0 0 0 0 0 0 0 0 0])
  ("tmp" .
   [1 0 0])
  ("tmpTender" .
   [0 0 0 0 1 1 0 0 0])
  ("do" .
   [1 0])
  ("svmID" .
   [1 0 0 0 0])
  ("id" .
   [3 0])
  ("goodsNum" .
   [1 0 0 0 0 0 0 1])
  ("goodsEval" .
   [1 0 0 0 0 0 0 0 1])
  ("separator" .
   [0 0 0 1 0 0 0 0 0])
  ("ans" .
   [2 0 0])
  ("log2" .
   [4 0 0 0])
  ("log" .
   [12 0 0])
  ("saiki" .
   [6 0 0 0 0])
  ("zenka" .
   [3 0 0 0 0])
  ("inline" .
   [2 0 0 0 0 0])
  ("from" .
   [4 0 0 0])
  ("plt" .
   [9 0 0])
  ("as" .
   [7 0])
  ("random" .
   [2 0 0 0 0 0])
  ("matplotlib" .
   [0 0 0 1 1 1 1 0 0 0])
  ("pyplot" .
   [1 0 0 0 0 0])
  ("RNA" .
   [3 0 0])
  ("Nussinov" .
   [0 0 0 0 0 1 0 0])
  ("require" .
   [2 0 0 0 0 0 0])
  ("package" .
   [1 0 0 0 0 0 0])
  ("add-to-list" .
   [0 0 0 0 0 0 0 0 0 0 1])
  ("package-archives" .
   [0 0 0 0 0 0 0 0 0 1 0 0 0 0 0 0])
  ("package-initialize" .
   [0 0 0 0 0 0 0 0 0 0 0 0 1 0 0 0 0 0])
  ("init" .
   [0 0 0 1])
  ("setq" .
   [1 0 0 0])))
